0,431,418,433,412,447,442,430,431,444,457,387,329,390,331,334,337,411,410,413,414,418,401,415,424,421,438,446,433,431,446,423,403,411,441,438,432,414,421,432,405,420,427,408,417,434,429,438,421,421,416,426,406,431,420,435,423,442,436,429,406,426,405,452,427,430,431,424,410,413,410,403,410,417,428,423,434,442,401,414,431,405,434,432,431,430,421,435,432,405,421,453,403,435,426,440,432,443,411,430,419,419,423,416,414,398,415,434,406,435,409,418,427,454,433,424,435,443,455,424,447,404,393,402,392,383,419,434,427,416,408,417,436,401,398,440,414,413,428,427,426,443,420,447,418,413,428,423,417,416,427,424,412,423,429,413,431,440,408,419,404,415,411,438,394,409,428,420,419,421,436,439,454,424,413,425,462,427,409,438,425,414,425,428,418,422,405,420,457,412,422,431,406,401,433,428,420,435,434,411,417,454,424,439,418,433,413,450,435,460,428,439,428,439,427,417,436,421,429,432,401,440,412,391,407,430,400,443,400,418,415,392,417,447,448,435,426,422,431,395,410,449,450,422,431,418,419,412,407,413,436,416,415,408,413,425,428,444,433,412,424,404,421,413,418,415,408,433,425,430,421,411,417,404,423,387,398,431,386,405,416,417,434,425,444,430,410,409,403,385,423,398,422,418,414,434,425,435,414,431,432,417,430,429,430,415,427,436,437,438,446,435,448,447,425,434,446,433,454,449,454,453,449,462,457,458,424,415
431,0,331,426,403,426,411,395,364,389,406,430,442,441,444,445,440,440,431,428,423,403,426,436,421,408,405,395,414,416,425,400,412,406,410,411,403,403,420,435,446,413,404,415,410,429,404,401,376,412,413,415,433,396,447,428,414,433,427,406,401,379,428,435,440,453,418,411,391,410,395,412,411,462,451,442,427,383,406,425,410,432,423,415,406,413,410,432,431,398,418,462,378,422,443,383,413,426,420,409,406,436,402,423,415,415,394,397,423,412,412,415,424,389,388,399,414,406,408,411,400,421,398,429,421,398,432,439,460,447,423,420,387,420,427,417,411,438,437,410,431,416,433,424,411,398,403,406,402,423,410,405,419,406,394,390,412,393,395,422,401,386,414,399,417,410,433,425,428,406,457,430,405,401,410,410,413,432,430,425,416,417,408,423,399,401,404,421,400,411,453,436,429,438,458,441,455,444,447,452,468,451,453,446,457,446,470,453,458,449,459,444,455,448,460,438,433,404,428,429,416,405,427,412,426,419,409,408,407,423,410,409,414,422,421,424,427,435,438,430,439,422,421,435,438,397,396,413,418,442,425,429,438,405,388,444,453,415,418,431,403,417,392,392,427,416,417,430,424,425,420,450,474,443,430,454,431,418,421,408,423,436,419,406,411,415,439,420,440,422,426,437,439,439,413,455,444,438,445,454,453,458,451,458,457,430,426,421,420,419,411,436,423,420,426,423,413,436,409,428,431,434,410,393,416,411,439,444
418,331,0,405,388,387,384,386,339,366,369,419,423,446,437,440,451,433,400,419,412,420,433,441,406,397,384,416,395,401,384,391,413,425,411,404,410,382,389,430,443,428,405,420,419,394,401,420,393,409,396,410,420,437,402,415,439,414,426,439,392,426,437,438,427,422,387,390,402,387,412,389,408,451,436,441,436,384,379,388,389,451,428,440,419,386,405,435,422,395,441,433,419,401,410,392,382,377,427,422,417,427,421,438,396,406,409,410,398,421,393,372,381,390,399,412,391,421,419,396,391,370,417,424,426,433,411,404,435,448,422,425,414,431,446,424,412,399,422,399,422,429,408,433,398,417,408,419,415,416,417,412,416,417,421,407,421,402,414,419,430,393,393,410,412,395,402,418,411,387,424,417,386,442,427,411,402,431,425,424,415,392,393,424,412,372,427,398,427,404,426,411,406,415,451,460,442,449,440,429,445,428,438,451,440,447,445,428,445,424,424,451,440,447,457,447,458,407,421,394,441,454,376,409,409,418,430,401,414,414,425,404,425,433,434,447,440,444,443,457,462,431,432,442,441,444,445,430,421,415,410,430,437,388,423,455,438,412,423,432,400,420,401,407,428,413,430,419,423,428,435,431,441,432,419,425,420,423,424,415,392,421,420,453,440,428,432,411,431,407,419,420,418,406,428,418,419,403,414,417,418,411,410,417,418,409,417,408,409,408,392,413,404,397,413,406,390,409,414,411,406,411,411,420,411,412,438,439
433,426,405,0,259,312,329,343,390,387,412,408,432,355,444,445,466,450,441,406,413,387,408,460,399,420,433,429,436,420,439,434,422,436,414,433,413,419,400,419,416,403,436,455,442,439,424,425,416,416,427,431,427,414,417,422,406,425,421,406,413,457,418,431,422,439,440,471,431,454,425,438,427,400,397,414,401,317,380,425,446,408,411,421,412,431,434,446,459,426,450,420,350,434,427,379,463,430,442,417,406,418,444,435,433,441,434,439,417,430,420,429,416,399,404,409,412,426,430,405,434,451,416,417,409,430,378,407,418,431,385,384,447,432,443,451,433,422,431,444,429,410,431,446,373,398,377,382,384,353,364,371,349,360,418,398,428,441,471,442,435,438,422,407,435,422,407,417,444,440,423,422,397,415,406,416,419,414,406,433,452,415,418,405,435,403,438,455,446,429,421,436,419,438,422,453,415,424,433,422,424,455,433,456,419,428,426,457,412,439,429,448,445,464,452,452,427,428,416,421,436,437,413,422,422,439,399,402,425,445,418,441,426,402,403,442,419,411,434,412,423,404,405,411,434,435,436,429,414,410,425,423,422,443,428,430,399,427,408,463,411,415,384,448,409,412,395,414,468,445,444,444,436,447,448,426,401,412,455,422,423,462,435,406,425,439,441,422,414,440,440,421,431,447,449,405,392,406,401,368,369,400,405,368,369,436,400,391,392,391,425,402,409,400,398,391,423,400,405,406,409,404,394,395,398,415,449,446
412,403,388,259,0,283,300,416,369,398,411,409,407,460,379,438,419,467,438,471,420,320,373,477,410,437,428,430,405,437,430,413,409,423,443,412,424,402,407,406,421,404,431,414,435,416,429,426,395,413,424,408,422,403,430,415,403,404,414,399,424,446,425,410,411,422,439,446,436,445,436,443,420,423,416,413,400,388,249,352,385,409,426,414,419,408,403,433,430,415,419,443,365,369,394,390,424,431,433,416,429,405,461,426,418,418,449,416,420,423,441,422,449,414,397,404,397,427,415,418,403,432,435,406,394,413,399,378,419,392,374,383,434,429,404,422,436,435,436,439,436,433,430,427,394,363,374,381,363,372,359,354,368,355,401,411,429,434,442,439,440,419,409,426,444,399,408,432,425,425,422,427,410,408,427,411,396,393,411,424,419,424,419,424,416,408,441,398,423,452,436,391,374,433,461,434,394,395,402,395,405,428,410,425,396,397,405,428,417,424,422,425,424,439,429,439,436,423,433,436,423,402,434,417,425,420,398,407,424,440,447,436,453,425,426,437,422,408,419,423,442,425,426,410,421,410,411,396,405,409,436,414,413,410,421,419,396,444,407,432,426,406,395,415,408,399,404,411,435,412,435,435,437,448,443,435,402,429,432,431,434,431,430,413,424,392,440,451,427,409,437,438,464,436,438,394,397,433,412,427,428,413,418,429,430,437,371,362,363,362,412,397,400,399,369,366,414,395,384,405,380,375,397,402,401,372,440,439
447,426,387,312,283,0,165,433,418,369,362,416,440,431,422,389,358,436,435,414,445,397,368,432,417,430,399,443,428,426,411,420,418,438,422,409,417,397,408,425,432,423,428,409,448,431,424,423,420,418,421,427,421,398,415,414,400,425,429,396,427,449,408,397,400,383,430,427,427,420,427,430,423,396,389,392,385,405,388,317,326,416,409,399,424,389,430,434,423,396,442,410,402,412,405,359,415,430,406,407,444,432,440,425,391,415,424,427,409,424,428,429,422,409,412,415,444,384,444,419,428,451,406,401,413,408,394,397,352,381,401,404,403,436,421,431,439,428,431,446,421,434,433,418,367,370,371,378,376,383,384,397,385,386,416,388,426,413,451,436,423,408,420,413,409,420,437,429,412,410,421,422,407,387,418,404,409,386,412,405,418,427,418,413,403,397,440,429,430,445,413,426,387,402,424,467,423,428,435,414,392,397,401,418,419,424,388,393,392,401,413,418,419,416,422,438,429,426,426,415,420,433,411,406,398,431,417,424,411,425,432,463,432,422,423,424,431,421,418,420,441,418,419,421,418,435,436,433,440,410,427,407,432,411,418,426,423,417,406,455,421,423,438,432,417,404,397,438,442,417,432,408,424,447,436,404,409,416,421,412,425,420,443,444,421,415,427,430,400,416,436,415,433,425,449,407,432,402,439,432,433,416,399,430,431,458,380,403,404,405,361,372,389,394,382,405,359,374,361,356,353,382,382,393,378,393,417,434
442,411,384,329,300,165,0,430,401,378,385,407,431,468,447,394,369,435,422,411,420,412,349,429,432,427,396,428,407,433,414,441,429,451,405,410,436,400,429,422,431,426,441,426,425,440,429,430,441,431,430,426,416,393,428,415,407,418,406,397,426,452,401,386,431,398,437,428,442,419,436,437,424,415,388,395,412,410,433,350,285,419,412,400,413,396,431,439,436,407,419,417,415,373,384,334,412,435,413,406,427,417,429,420,416,400,407,412,430,425,437,422,429,418,419,432,427,411,459,410,443,466,401,424,432,417,431,414,381,352,400,389,410,417,422,438,434,439,426,437,416,421,434,421,374,393,370,369,395,394,395,376,396,397,425,401,429,428,438,435,446,409,431,410,400,431,430,418,403,399,410,421,410,392,427,417,398,373,407,406,417,420,409,406,394,406,429,426,417,436,386,423,378,413,423,444,422,423,418,429,411,412,412,405,418,419,407,408,427,408,404,413,414,427,417,435,402,413,415,402,409,418,410,411,393,428,426,413,406,444,451,442,427,433,434,439,426,424,421,427,420,429,430,424,421,410,411,432,435,429,398,398,403,420,417,431,418,410,411,446,414,408,431,413,424,395,402,427,427,446,435,407,435,426,433,411,410,439,444,411,430,421,450,433,386,424,438,437,405,407,423,426,418,426,448,450,431,409,422,399,400,431,434,397,398,443,395,366,367,368,372,387,364,349,397,364,374,389,364,387,368,357,369,376,373,380,410,407
430,395,386,343,416,433,430,0,285,322,331,417,447,430,467,452,465,409,396,401,396,422,419,445,428,415,410,426,413,403,392,433,431,423,413,400,436,430,423,428,435,402,433,450,417,440,431,418,395,405,408,398,430,421,436,407,419,432,438,425,400,410,429,434,415,450,405,428,436,439,456,421,436,437,420,441,424,350,359,400,401,407,402,404,407,412,397,431,428,451,425,445,329,417,430,404,446,437,415,440,421,441,443,434,424,422,431,426,396,415,405,418,421,414,421,418,419,427,421,424,405,422,443,426,416,427,409,426,447,424,450,433,434,403,430,450,428,435,440,443,436,409,424,451,426,443,422,443,417,414,409,400,410,405,409,403,425,430,438,449,422,429,415,414,412,417,390,404,403,399,442,437,398,458,435,421,444,445,435,426,421,408,415,396,418,418,403,420,457,418,418,419,436,417,423,438,446,445,422,403,407,434,442,457,448,447,409,436,431,430,430,461,408,431,429,425,418,405,415,416,439,442,422,405,421,402,416,431,418,438,447,432,413,425,424,415,416,394,393,411,410,429,428,394,393,420,419,434,435,415,434,442,449,438,415,449,440,412,411,424,420,462,407,439,444,433,416,421,419,404,439,439,441,428,459,443,424,415,440,409,412,417,432,433,436,462,390,395,437,409,465,464,424,468,454,366,365,375,386,369,368,365,354,371,370,427,441,438,437,436,428,433,420,415,437,434,424,429,424,437,412,427,431,412,419,408,432,427
431,364,339,390,369,418,401,285,0,293,308,448,448,449,416,515,472,460,371,414,397,407,414,440,433,430,423,393,412,428,405,416,378,400,398,397,417,405,396,429,466,403,422,421,420,411,424,409,398,420,407,393,433,410,407,430,420,429,443,424,385,405,428,433,428,413,424,435,415,446,419,428,419,418,429,420,409,377,344,365,388,426,415,437,420,403,370,448,419,422,430,450,348,404,375,375,395,402,414,415,418,430,418,439,423,401,414,429,401,404,410,383,418,395,400,411,414,420,416,423,418,423,432,453,445,442,384,403,436,429,431,432,403,414,405,435,445,446,427,390,445,418,421,434,427,440,395,402,386,385,378,377,381,374,426,400,432,415,419,422,399,392,416,397,417,416,367,419,412,404,459,428,409,427,404,432,399,424,418,435,394,407,410,383,403,387,404,413,436,409,421,428,401,438,442,453,413,412,445,432,462,471,425,452,409,408,464,473,462,471,425,440,397,400,416,426,447,398,430,417,426,423,427,418,428,409,423,452,395,439,440,423,420,432,431,430,437,417,418,430,417,434,433,421,422,429,428,417,412,422,423,411,414,431,418,442,443,421,428,433,411,439,422,428,427,416,419,446,406,405,418,412,444,435,428,414,417,424,415,436,387,444,407,450,455,429,409,410,448,398,414,441,439,449,435,367,376,370,373,386,385,368,363,390,389,434,452,437,436,437,441,444,437,440,450,433,437,442,473,448,453,432,446,455,434,421,443,412
444,389,366,387,398,369,378,322,293,0,121,429,427,454,471,412,487,439,424,367,406,420,407,443,444,417,432,448,441,401,422,401,401,419,413,398,416,394,403,424,431,402,415,414,415,412,401,432,417,407,406,404,448,423,442,407,415,436,460,431,368,414,413,444,427,428,411,432,440,407,430,407,422,407,394,409,388,382,389,344,353,427,438,450,433,380,419,443,436,407,417,431,423,357,390,374,408,413,417,400,445,431,419,432,420,432,391,410,406,415,389,402,393,382,417,418,419,409,411,404,419,404,445,438,438,413,421,400,387,426,412,425,370,413,436,422,450,439,408,421,414,427,422,419,436,395,416,419,405,406,405,414,406,405,425,403,441,432,424,431,430,403,417,416,394,413,380,406,407,363,426,441,406,398,435,407,424,421,423,394,451,420,409,406,426,436,429,440,433,422,436,445,420,415,409,432,414,439,408,401,409,420,416,433,410,435,405,416,409,436,428,437,432,457,415,445,430,407,403,422,413,410,440,425,425,412,450,455,414,446,433,444,421,435,436,413,410,444,443,437,442,433,434,446,445,438,439,440,453,437,432,416,401,392,431,441,438,428,401,432,412,420,411,405,420,423,454,429,411,422,409,425,433,416,427,381,418,431,428,431,402,429,420,445,444,416,428,411,425,395,439,438,422,438,448,396,379,369,346,349,350,375,404,351,352,423,437,428,429,428,408,421,396,413,433,426,406,417,428,401,412,421,417,432,417,416,430,419
457,406,369,412,411,362,385,331,308,121,0,416,432,447,460,457,478,450,431,404,401,439,406,420,439,388,425,439,440,378,413,412,424,436,422,401,423,409,412,417,420,393,428,415,416,407,380,425,404,418,419,409,441,422,431,406,392,423,451,420,363,429,422,421,414,419,422,427,421,426,429,426,429,412,381,408,381,383,390,369,356,422,425,423,412,399,424,420,437,394,422,426,440,382,357,389,403,406,410,407,426,436,424,441,417,433,390,411,395,400,384,407,388,393,414,403,414,388,416,393,420,395,450,427,433,438,422,417,412,433,417,430,375,406,421,429,443,444,385,430,401,424,413,424,439,422,427,422,424,437,412,421,437,412,422,408,434,441,421,430,415,412,410,413,417,410,401,403,414,380,421,438,419,389,442,416,421,404,408,413,438,405,422,401,409,423,430,437,434,419,417,414,419,414,398,435,453,414,395,416,440,387,431,420,449,410,436,383,456,411,427,420,443,432,418,440,411,414,398,407,424,419,433,422,420,413,449,446,429,429,442,429,422,438,439,424,413,431,430,440,445,436,437,433,432,429,430,443,448,436,435,411,404,399,436,428,423,451,410,433,401,439,432,402,443,422,445,438,412,423,418,410,436,423,420,388,417,428,431,432,419,432,423,468,455,407,433,424,432,404,426,427,425,439,447,419,398,376,397,404,405,418,419,406,407,410,464,463,464,463,431,432,423,436,460,465,429,428,431,424,415,436,444,439,428,427,433,412
387,430,419,408,409,416,407,417,448,429,416,0,416,441,396,393,406,430,397,376,389,415,390,394,375,396,419,417,416,402,417,394,412,394,432,415,419,405,438,429,436,437,426,409,426,423,420,419,422,416,411,395,383,414,409,416,422,409,393,408,441,409,406,423,426,425,422,443,413,422,403,396,399,414,405,396,391,435,412,423,436,426,439,419,436,441,420,410,415,408,418,428,402,400,413,421,431,442,420,409,414,426,434,443,437,409,432,433,441,418,436,411,430,415,402,407,384,410,428,401,410,415,414,405,389,394,410,399,376,383,387,410,439,392,381,433,423,394,411,450,431,436,401,420,415,424,417,418,420,425,406,419,429,410,400,400,424,449,435,394,395,434,426,453,447,428,403,413,430,416,393,410,407,407,404,414,397,394,420,393,420,407,406,401,417,405,416,399,410,407,425,408,439,428,424,423,455,452,453,444,436,429,445,460,457,454,436,429,424,417,441,446,435,450,440,442,413,424,428,387,424,411,417,414,414,415,415,434,417,401,406,425,416,416,417,420,421,421,420,424,419,416,417,421,420,415,416,423,428,402,411,421,408,401,442,424,403,405,398,443,389,419,428,420,419,410,405,432,430,419,430,450,414,435,450,442,431,432,435,430,433,430,425,418,401,417,403,412,388,422,432,409,413,427,433,429,414,410,413,416,417,430,441,416,417,434,404,391,392,391,395,402,399,394,400,393,395,398,395,394,387,392,398,395,392,401,425,432
329,442,423,432,407,440,431,447,448,427,432,416,0,343,318,373,384,410,405,420,413,409,418,428,417,382,413,413,422,392,425,392,392,420,434,399,413,417,418,409,432,419,410,421,416,395,400,395,444,424,405,435,417,414,393,414,416,419,435,430,375,451,398,445,422,421,444,441,425,406,427,416,439,434,411,442,445,427,410,427,426,390,389,389,410,429,430,440,453,422,438,422,444,438,441,439,423,440,412,429,448,436,430,451,409,469,432,433,401,446,430,423,422,437,408,423,408,418,436,413,422,405,416,407,397,392,410,425,426,429,421,422,421,422,419,477,415,422,421,426,409,436,453,468,431,416,401,424,442,437,426,423,435,424,444,440,446,427,421,404,435,382,404,421,439,404,419,445,428,418,429,424,449,405,434,440,423,420,434,443,446,425,414,433,427,421,408,431,422,431,431,414,425,436,412,431,431,438,419,412,400,415,409,418,431,438,402,417,398,403,395,424,415,438,426,434,415,414,434,427,426,435,431,412,412,419,433,412,423,391,418,403,424,418,417,386,375,391,382,388,395,420,419,393,384,415,414,405,406,428,411,419,418,407,414,424,421,449,432,403,427,395,390,410,415,436,433,412,422,439,426,422,408,421,418,432,387,414,405,378,397,398,389,428,437,393,409,414,416,424,412,413,429,417,407,437,428,428,431,456,455,434,431,454,453,392,426,415,414,413,447,448,437,434,426,415,445,448,447,456,443,440,426,419,428,419,437,426
390,441,446,355,460,431,468,430,449,454,447,441,343,0,253,332,319,345,394,369,370,420,403,401,364,403,448,398,441,405,456,411,439,435,389,442,418,420,433,410,421,460,427,450,425,430,421,412,419,403,398,424,432,431,424,435,441,420,416,435,412,416,417,426,403,416,447,444,440,447,446,461,454,413,428,403,422,392,433,436,449,419,398,410,423,422,423,433,442,459,437,417,445,433,434,460,446,417,427,426,437,433,421,424,454,454,431,418,420,433,433,434,415,412,433,408,417,411,427,426,423,418,431,418,420,461,355,364,417,412,414,405,418,459,442,454,440,455,434,431,432,429,438,457,400,393,396,405,391,390,387,406,392,389,435,429,383,416,432,453,434,427,437,416,454,451,412,444,429,433,426,415,416,432,419,423,434,415,419,426,433,412,451,426,422,422,409,420,429,436,416,419,432,453,417,436,426,437,452,435,433,450,416,455,430,441,435,452,401,434,408,435,448,459,423,421,434,391,403,412,451,434,406,429,417,416,434,431,418,424,425,416,429,381,380,379,394,410,403,437,424,383,382,410,403,440,439,404,403,397,406,412,419,442,399,413,402,444,437,428,428,424,409,427,436,405,414,421,457,444,419,433,411,402,409,409,416,411,414,407,408,415,426,429,442,412,418,431,423,399,419,396,414,424,412,400,417,443,450,425,424,433,424,425,424,441,463,464,463,464,454,457,446,453,463,462,452,457,454,449,454,453,443,448,439,452,440,451
331,444,437,444,379,422,447,467,416,471,460,396,318,253,0,297,304,380,355,404,403,429,398,404,387,402,435,407,442,414,431,416,410,410,438,403,425,411,416,401,428,411,436,421,424,419,424,419,412,440,387,405,435,424,415,430,410,427,423,422,413,401,408,415,398,415,428,435,435,456,447,448,449,404,423,402,421,433,368,435,444,438,437,435,420,419,402,430,407,444,406,444,436,438,435,465,447,432,418,433,444,404,428,435,439,407,414,429,423,434,420,423,426,451,434,399,422,422,430,435,434,409,426,423,421,424,362,385,376,403,411,430,435,446,437,437,407,428,421,424,415,438,405,440,397,354,385,396,374,377,390,409,377,390,448,440,410,431,425,402,427,412,426,429,453,436,385,425,404,392,433,424,427,425,440,408,395,406,414,423,422,417,438,411,425,439,414,419,434,417,419,392,383,416,418,437,399,414,411,374,414,439,409,436,395,410,412,437,426,443,421,452,415,450,416,432,433,420,436,413,456,425,415,420,418,403,431,418,405,407,424,427,424,440,439,382,393,355,344,372,367,440,439,357,346,395,394,387,390,418,423,393,404,443,404,398,405,449,426,397,435,405,402,416,409,416,423,418,422,421,414,416,392,389,412,416,401,426,387,404,413,398,411,438,439,419,435,420,432,398,430,413,403,429,401,437,446,426,461,468,467,438,441,470,469,428,438,439,438,439,457,468,461,468,440,439,457,470,469,448,453,464,446,467,450,433,437,428
334,445,440,445,438,389,394,452,515,412,457,393,373,332,297,0,187,341,402,357,392,428,421,415,402,423,434,446,435,419,430,415,423,431,417,414,442,412,427,418,397,428,421,456,441,440,409,452,417,419,406,430,428,431,418,439,437,456,432,417,418,418,411,432,435,428,409,424,428,419,434,421,430,441,408,431,422,434,419,374,387,413,404,402,419,394,421,429,430,427,411,417,441,467,476,442,432,441,447,438,423,421,419,404,422,432,405,430,400,431,435,416,437,422,447,410,435,409,427,420,457,418,437,414,420,415,419,396,389,384,440,417,432,421,442,438,414,417,426,429,414,417,420,423,366,381,390,391,397,382,397,394,380,395,445,433,431,440,420,425,436,443,421,422,420,419,410,398,421,391,404,435,440,428,427,411,430,423,407,430,421,430,397,414,432,438,447,412,427,430,420,417,396,405,415,410,408,417,408,405,407,410,392,369,410,419,403,406,407,414,404,397,410,431,413,421,412,397,441,428,423,436,422,397,401,424,420,439,414,440,397,426,415,417,418,439,432,422,441,385,386,415,416,422,441,410,411,422,415,401,412,394,415,430,395,419,404,420,431,410,436,398,407,421,408,419,418,431,435,418,423,425,399,402,407,405,432,401,412,405,414,397,420,429,428,436,424,435,411,403,419,406,390,416,420,452,443,435,436,469,470,459,464,467,468,419,405,412,413,412,426,431,438,427,405,410,428,431,434,435,434,451,457,436,457,458,412,441
337,440,451,466,419,358,369,465,472,487,478,406,384,319,304,187,0,344,421,360,355,425,402,422,399,428,429,449,430,432,423,414,428,442,410,421,433,417,428,411,426,427,426,425,438,431,450,443,432,414,413,429,419,438,413,446,446,445,425,426,425,433,432,435,428,405,414,443,443,438,425,450,421,436,429,442,437,459,408,379,378,394,419,413,436,421,434,414,427,430,422,432,446,460,435,403,415,420,410,423,436,420,410,413,429,423,402,405,397,442,432,415,430,451,464,407,418,402,430,421,448,431,418,393,405,420,426,395,376,353,421,416,437,448,427,425,405,410,431,432,425,424,429,424,381,374,369,366,386,409,390,397,405,386,436,432,418,415,431,442,415,434,432,425,393,428,433,415,398,388,421,422,437,417,428,422,443,414,410,427,406,413,428,425,405,411,444,421,432,441,451,426,419,410,428,425,417,418,421,416,394,415,401,404,419,420,390,411,402,407,417,408,427,422,432,424,435,428,422,415,426,449,419,408,394,419,427,458,407,417,424,421,436,398,399,402,413,411,396,386,409,400,401,411,396,411,412,381,384,370,375,367,370,439,406,420,407,437,428,405,447,419,408,438,419,420,403,436,436,425,432,440,394,395,408,412,423,420,417,392,425,398,431,420,413,435,409,438,404,400,418,411,389,411,419,467,472,468,471,454,455,460,463,452,453,418,414,413,414,415,415,406,427,430,412,415,415,404,431,434,439,434,456,437,448,453,399,422
411,440,433,450,467,436,435,409,460,439,450,430,410,345,380,341,344,0,279,350,373,431,418,382,381,418,423,413,412,422,425,410,400,408,420,407,405,395,404,421,412,455,416,463,424,421,410,437,440,404,407,401,419,436,415,396,430,415,411,426,423,385,404,417,384,401,416,431,425,430,437,434,427,418,425,420,429,409,438,455,450,440,443,427,422,407,408,414,429,426,428,418,446,426,421,443,429,422,432,421,446,422,400,449,411,405,420,427,429,448,442,427,444,415,434,405,420,432,422,435,434,427,400,397,415,410,380,359,418,405,407,390,445,452,439,443,425,422,449,416,453,420,439,444,385,384,373,388,376,391,384,373,391,384,440,440,428,407,415,416,435,412,418,423,413,424,377,457,434,440,427,418,409,417,418,414,445,420,398,439,418,419,396,435,417,433,426,431,434,387,427,414,405,432,398,415,417,400,395,386,398,399,409,402,417,400,396,397,386,399,405,410,399,400,390,428,443,428,406,401,436,433,405,406,414,435,431,432,407,427,400,423,422,360,359,396,387,397,394,364,373,360,359,399,396,375,374,377,384,390,379,383,372,411,398,438,417,405,408,409,409,425,416,426,421,426,417,426,414,417,406,432,410,397,416,426,443,418,413,430,425,404,437,388,379,419,401,412,432,406,434,435,431,397,417,403,432,400,417,428,427,428,411,430,429,428,390,371,370,371,407,406,399,408,388,367,409,404,423,410,403,396,446,433,426,433,409,446
410,431,400,441,438,435,422,396,371,424,431,397,405,394,355,402,421,279,0,303,294,418,403,413,384,401,420,388,393,395,428,399,383,391,411,368,414,402,395,436,415,430,435,422,415,442,403,414,413,405,388,410,422,407,408,393,407,424,388,385,418,384,409,400,421,398,413,416,400,437,410,437,402,417,416,405,422,392,393,414,401,405,418,418,437,400,383,443,408,443,427,463,425,413,400,418,440,429,429,402,385,425,417,456,426,414,429,432,436,441,419,384,403,416,419,380,415,395,403,416,413,438,381,390,368,381,343,374,403,374,394,403,400,435,440,438,440,423,438,419,432,423,416,439,418,409,390,417,391,402,399,388,400,397,421,409,451,404,428,407,416,433,433,450,428,441,390,428,409,399,402,405,388,402,391,379,428,399,397,414,425,408,431,410,384,428,409,428,451,400,422,407,414,397,395,408,402,377,380,379,395,392,408,417,398,373,391,388,383,392,388,421,400,413,411,427,398,397,403,400,431,430,394,367,403,434,410,405,386,416,407,424,421,373,372,409,396,370,371,377,374,375,374,372,373,372,371,380,391,385,382,370,379,426,431,393,426,412,417,416,390,448,437,435,458,429,442,423,389,374,385,425,417,404,427,453,436,411,414,443,392,431,414,403,394,396,402,393,417,403,409,404,426,402,414,384,413,383,404,399,398,409,400,401,400,433,415,412,411,412,412,415,412,421,417,408,414,417,428,399,396,401,433,408,409,404,410,407
413,428,419,406,471,414,411,401,414,367,404,376,420,369,404,357,360,350,303,0,241,423,402,388,399,410,409,435,422,400,395,424,414,414,368,421,415,421,426,403,408,427,418,405,426,405,412,399,420,416,421,389,389,426,401,382,428,403,423,414,417,411,386,447,430,395,432,445,419,436,433,424,447,424,417,426,429,377,390,381,394,426,415,423,418,361,388,436,431,406,428,462,412,414,419,439,433,444,420,389,426,418,420,419,419,411,410,421,413,452,424,415,412,407,438,417,400,394,408,401,430,419,378,411,425,412,374,361,360,379,389,400,405,432,427,437,453,440,435,438,437,436,413,422,401,408,401,386,416,425,420,433,429,424,418,430,440,427,429,428,445,448,446,423,439,442,399,393,416,360,411,406,401,395,414,388,429,436,392,423,416,425,450,435,433,423,412,401,446,407,447,448,405,416,402,407,435,450,425,422,414,421,415,404,437,452,410,417,394,405,407,396,391,392,386,406,425,426,406,407,440,429,391,422,414,435,413,412,417,403,408,423,430,358,357,366,403,393,384,408,393,362,361,395,386,399,398,381,394,366,357,383,356,421,416,398,437,405,402,431,389,429,430,426,411,428,401,424,384,379,394,442,416,417,436,440,439,418,419,422,403,418,427,398,411,445,417,428,394,400,410,409,419,405,437,399,398,398,407,366,365,382,387,368,367,446,426,451,450,449,395,388,403,412,422,447,397,384,415,392,423,412,418,413,414,423,405,402
414,423,412,413,420,445,420,396,397,406,401,389,413,370,403,392,355,373,294,241,0,416,377,395,388,397,416,380,435,383,418,421,399,411,409,428,416,400,415,396,399,422,413,414,427,404,409,422,381,401,402,422,372,409,388,401,429,408,388,393,400,410,385,438,409,392,417,434,420,429,412,411,424,423,414,411,400,380,403,404,375,403,420,420,409,364,397,431,408,429,429,475,437,435,414,386,426,443,411,422,417,429,437,434,432,432,411,416,406,449,403,404,395,410,435,406,387,401,419,384,431,430,391,406,402,401,383,374,381,348,388,405,422,437,430,430,448,439,442,419,442,415,432,431,392,401,388,393,419,400,423,410,398,421,429,439,421,410,440,439,420,457,417,428,428,407,438,346,347,395,408,415,402,392,425,417,434,433,403,424,409,404,443,424,424,404,407,402,435,418,442,443,442,401,409,384,418,427,436,417,405,424,396,403,420,429,407,426,413,400,376,387,374,389,383,409,416,413,409,424,437,418,392,401,383,448,412,437,396,412,397,418,435,379,380,391,380,374,377,379,398,383,384,378,381,356,357,400,393,367,382,374,381,404,407,411,428,418,425,418,398,430,433,401,436,423,418,435,375,400,395,439,425,414,451,451,442,417,422,405,392,417,430,405,392,424,420,429,423,427,391,392,430,406,434,394,385,403,386,411,412,393,398,409,410,459,415,410,411,410,422,435,426,425,411,408,418,431,430,451,434,433,425,398,417,418,416,393
418,403,420,387,320,397,412,422,407,420,439,415,409,420,429,428,425,431,418,423,416,0,291,447,364,421,418,426,411,425,406,407,387,393,415,414,386,404,407,398,433,416,409,406,413,408,397,412,415,399,392,418,414,441,410,389,425,440,386,409,432,410,433,406,409,448,445,440,432,453,396,433,384,419,414,419,422,430,401,424,421,395,412,426,425,410,415,431,406,419,413,439,405,435,428,412,444,421,429,426,445,433,417,432,414,422,419,426,432,441,425,442,435,422,437,406,427,397,411,444,387,424,423,408,406,411,415,412,411,404,372,359,402,425,430,442,450,439,446,447,456,433,436,433,392,393,400,397,397,390,391,404,392,393,393,415,423,428,404,431,412,445,417,430,428,413,458,418,401,429,404,399,430,450,421,399,410,415,401,434,417,414,439,396,408,406,411,422,413,398,400,393,410,437,411,388,406,411,412,415,411,420,414,421,408,413,411,420,405,418,424,435,402,431,411,415,414,431,415,406,415,414,416,415,407,418,414,425,402,428,441,410,413,429,428,427,428,422,431,443,444,431,430,422,431,428,427,420,415,431,434,428,427,410,411,421,402,400,385,434,404,388,415,411,388,393,404,413,415,412,411,445,429,404,431,429,444,429,436,425,420,417,418,423,412,416,404,407,417,445,415,446,438,414,400,406,409,421,420,435,434,415,406,437,436,425,407,412,411,412,410,419,410,417,409,410,412,421,390,401,404,407,419,412,425,414,422,431
401,426,433,408,373,368,349,419,414,407,406,390,418,403,398,421,402,418,403,402,377,291,0,420,397,414,425,405,400,398,419,402,398,390,404,391,417,397,392,401,424,427,412,409,380,413,400,401,392,424,393,431,425,402,433,432,424,421,391,410,427,383,410,385,434,421,450,419,423,414,425,432,421,418,425,432,421,429,402,403,384,406,375,381,424,395,404,420,433,432,428,446,436,422,431,413,445,434,420,425,428,408,430,433,439,405,416,419,453,444,420,451,422,415,458,425,420,408,442,415,412,431,382,389,395,390,426,399,392,381,389,386,407,436,419,437,437,436,431,454,431,434,423,442,409,404,415,416,390,389,402,395,391,404,400,408,412,419,403,424,429,428,434,401,417,432,435,427,412,416,395,420,433,425,428,392,421,352,418,419,390,441,424,415,407,409,436,407,418,429,421,412,399,436,426,413,411,410,407,400,398,419,413,436,409,408,396,417,414,423,415,432,413,432,410,432,415,418,408,403,406,409,415,418,412,443,419,416,407,435,452,433,424,424,425,418,411,407,410,428,425,424,425,407,410,421,422,435,426,432,435,421,428,417,428,410,423,407,398,425,417,379,420,424,401,416,421,416,410,425,404,442,448,407,434,412,443,422,421,430,431,418,435,410,405,411,409,394,428,432,400,423,445,427,419,411,404,414,419,414,415,424,419,412,413,454,414,407,408,409,423,420,409,418,414,405,423,420,407,426,405,412,412,409,404,415,411,404
415,436,441,460,477,432,429,445,440,443,420,394,428,401,404,415,422,382,413,388,395,447,420,0,437,418,435,437,434,420,433,436,428,416,442,449,423,427,434,441,398,447,434,425,430,437,440,431,428,406,419,427,435,438,435,430,428,437,433,438,433,425,450,451,454,455,420,433,441,432,441,432,449,404,421,420,437,461,430,429,450,422,429,439,420,421,406,430,415,434,426,436,444,444,445,471,435,432,434,409,462,446,420,437,447,439,448,439,405,420,462,455,454,429,434,447,412,426,446,445,432,435,430,417,433,426,432,419,444,411,409,420,455,420,443,435,425,444,429,456,445,432,437,442,419,422,407,408,436,437,440,433,435,438,436,434,420,437,447,452,445,446,432,439,465,454,433,431,446,416,393,424,435,413,430,446,449,424,418,439,412,449,448,463,433,421,452,431,426,437,411,396,409,422,440,453,459,470,473,462,474,473,447,440,459,470,472,471,442,469,423,444,445,450,434,428,429,438,418,423,414,447,441,440,436,427,435,438,399,453,410,443,418,432,431,416,449,441,432,412,389,436,435,439,430,435,434,413,446,450,433,425,406,399,416,446,429,427,430,423,441,449,434,452,451,418,429,442,432,437,414,434,426,435,398,442,453,424,421,402,443,442,445,470,429,441,449,470,428,446,432,425,429,415,433,443,454,424,429,478,477,458,447,474,473,442,448,437,436,435,443,448,439,456,450,435,447,450,447,408,439,408,438,453,442,439,417,436
424,421,406,399,410,417,432,428,433,444,439,375,417,364,387,402,399,381,384,399,388,364,397,437,0,417,432,400,409,425,432,399,413,405,421,422,416,410,397,380,411,446,435,410,433,428,431,430,415,419,404,422,412,409,414,401,405,418,390,403,428,404,413,388,401,408,415,416,432,441,444,425,420,427,436,427,410,408,419,434,437,437,434,448,427,434,399,419,450,463,427,453,421,449,474,390,432,419,425,414,417,425,405,430,418,394,435,420,444,419,421,430,431,406,405,406,397,407,415,406,415,410,409,410,412,427,395,368,407,404,376,397,408,447,438,416,436,431,444,431,440,411,420,433,414,425,424,429,411,416,413,414,416,413,419,419,421,436,410,437,430,437,437,418,436,435,400,428,429,405,422,417,426,412,417,421,398,397,407,424,409,426,415,410,400,410,411,438,427,410,428,423,432,429,419,426,420,437,434,427,433,438,422,429,424,441,435,440,427,428,432,437,438,461,443,411,440,393,415,408,435,420,384,427,421,446,420,435,430,424,427,406,413,395,396,385,384,382,385,387,396,397,398,386,389,410,411,416,417,399,406,412,413,402,435,419,400,414,423,434,426,420,393,401,410,397,400,413,431,418,405,433,419,440,439,443,432,449,430,451,420,431,416,417,400,388,422,399,403,419,413,414,436,396,414,418,413,387,396,423,424,421,420,425,426,445,389,380,381,382,410,417,410,395,391,382,408,419,390,413,400,409,411,394,399,412,424,433
421,408,397,420,437,430,427,415,430,417,388,396,382,403,402,423,428,418,401,410,397,421,414,418,417,0,295,283,312,76,331,402,400,408,386,391,405,387,398,431,442,423,370,349,370,313,218,329,306,382,397,415,411,422,393,390,416,413,413,390,289,403,410,415,424,405,410,431,441,436,419,428,419,436,421,434,413,405,424,435,416,438,427,395,424,429,432,430,409,404,394,426,402,416,419,407,403,430,398,419,412,400,430,425,415,417,404,403,405,404,384,439,382,417,396,391,408,412,420,389,392,373,434,411,395,418,420,415,444,451,431,436,399,420,397,413,401,378,363,396,351,398,411,424,391,380,383,390,412,415,410,405,411,406,428,424,404,427,435,426,431,432,406,397,439,414,431,401,418,412,437,416,425,415,402,402,415,412,424,437,416,399,434,437,381,389,386,415,426,383,407,420,427,414,438,419,425,420,415,410,420,403,413,406,423,418,420,403,412,407,413,412,403,402,414,436,441,356,380,397,438,433,415,418,416,427,387,404,425,447,438,423,432,408,407,420,423,437,436,440,439,404,403,435,434,429,428,433,440,404,427,403,406,409,422,424,415,399,412,423,405,417,414,416,403,410,421,404,400,413,398,434,432,419,446,428,431,426,417,412,429,404,419,444,439,427,417,416,414,446,416,409,407,433,425,393,402,406,401,414,413,404,405,416,415,428,424,421,420,421,425,422,425,408,424,419,421,422,431,424,423,426,442,433,432,427,427,422
438,405,384,433,428,399,396,410,423,432,425,419,413,448,435,434,429,423,420,409,416,418,425,435,432,295,0,316,311,339,76,399,385,379,383,398,382,412,387,444,425,414,377,378,369,344,279,256,371,389,414,386,400,417,402,409,385,402,414,417,382,422,427,416,415,416,417,402,422,429,412,425,414,433,430,419,406,418,403,422,405,417,412,424,433,398,433,391,430,409,419,427,433,437,434,418,414,417,439,414,399,425,447,410,416,402,409,404,430,419,391,398,401,416,429,394,407,425,429,388,389,386,429,424,434,435,433,452,433,428,434,417,412,419,430,436,402,361,404,391,392,411,392,421,400,407,398,401,397,392,389,384,390,387,415,413,415,446,434,403,402,407,429,438,406,425,430,410,433,409,434,409,398,432,419,417,396,421,409,434,407,430,429,436,386,402,385,408,429,392,406,405,430,425,415,442,442,435,420,415,409,428,428,435,442,435,409,428,411,434,424,435,414,421,425,433,426,377,399,384,413,400,424,433,429,416,420,419,416,436,447,406,409,429,428,429,410,420,431,441,436,427,426,418,429,420,419,414,419,407,402,416,405,432,391,429,420,404,409,416,420,418,409,399,426,427,424,415,439,438,425,433,429,416,417,449,424,423,412,413,428,413,428,421,432,432,396,407,413,439,401,424,414,432,426,402,413,431,446,431,430,413,398,429,428,439,447,444,443,442,424,425,428,413,447,442,420,425,418,423,416,419,449,452,453,434,420,447
446,395,416,429,430,443,428,426,393,448,439,417,413,398,407,446,449,413,388,435,380,426,405,437,400,283,316,0,271,317,356,381,371,385,399,368,422,396,389,412,457,430,407,370,397,344,319,290,359,397,372,418,422,419,400,397,425,406,404,421,376,408,387,422,433,408,417,440,436,447,406,415,410,435,430,431,434,414,411,422,421,419,408,424,433,392,403,443,430,433,423,417,399,411,410,412,438,417,399,416,411,415,439,428,434,416,403,416,426,425,439,400,435,430,419,392,405,375,395,408,405,392,417,426,408,409,415,418,423,400,428,427,420,437,436,448,396,423,398,351,414,369,410,441,404,395,406,415,395,388,393,400,388,393,435,427,405,438,424,405,404,421,399,406,420,407,396,402,409,403,430,441,416,418,399,429,404,415,407,422,405,412,419,434,392,368,375,426,413,400,416,411,428,439,417,422,400,397,414,417,411,416,410,425,402,399,415,420,403,404,406,417,408,411,403,425,420,411,403,394,417,426,420,397,391,436,410,391,406,446,427,388,419,433,432,421,436,412,397,409,408,431,430,414,399,410,409,406,395,403,398,410,435,422,397,403,414,392,399,442,384,396,433,413,410,433,400,397,395,410,425,437,435,442,447,417,448,433,434,427,412,433,434,409,464,412,412,427,457,435,401,410,430,426,424,392,381,407,410,387,386,393,400,385,384,443,415,412,411,410,442,447,444,425,415,412,440,447,428,437,428,437,433,442,433,440,434,415
433,414,395,436,405,428,407,413,412,441,440,416,422,441,442,435,430,412,393,422,435,411,400,434,409,312,311,271,0,344,343,368,382,402,404,373,417,401,400,421,440,439,406,393,408,377,354,319,374,394,407,381,425,438,417,414,432,401,409,428,375,405,404,403,422,415,442,417,411,434,421,428,425,440,433,438,433,411,412,429,418,430,427,423,418,423,406,424,429,436,404,430,418,414,405,421,405,408,424,437,414,390,424,411,409,401,418,399,431,460,408,393,398,411,426,421,404,398,412,407,408,401,426,407,403,402,436,435,436,439,433,432,425,416,405,439,369,410,403,408,403,412,403,430,409,402,407,412,386,405,400,393,403,398,410,408,424,417,439,402,415,406,420,421,413,422,423,421,404,412,407,430,431,415,410,406,425,426,426,413,396,423,416,439,365,395,390,409,406,407,435,408,423,436,434,447,409,424,421,432,438,431,427,428,409,424,438,431,430,423,413,420,413,412,410,428,431,402,402,387,422,423,405,388,404,439,399,410,411,435,418,421,422,404,403,418,417,413,404,412,415,402,401,409,400,405,404,407,402,406,415,399,398,429,412,456,417,391,386,421,427,387,384,426,417,398,403,400,438,445,420,446,414,433,414,440,429,434,405,404,421,412,417,448,455,433,409,434,428,426,444,425,453,425,439,425,424,416,417,390,389,420,433,388,387,456,410,413,412,411,443,434,437,430,410,413,445,434,423,448,429,426,436,431,422,427,397,418
431,416,401,420,437,426,433,403,428,401,378,402,392,405,414,419,432,422,395,400,383,425,398,420,425,76,339,317,344,0,305,378,404,404,376,367,401,389,406,415,446,423,364,349,348,315,212,335,288,376,387,417,407,410,411,398,424,423,409,382,327,395,406,413,424,399,406,429,431,430,425,412,423,430,417,426,411,401,426,431,412,450,433,403,426,427,428,436,407,428,398,424,396,420,423,409,421,428,398,403,406,402,436,421,423,417,412,409,389,412,390,431,384,419,412,393,418,408,406,399,400,369,434,417,399,420,420,407,434,439,435,444,409,418,399,415,405,388,367,392,357,398,411,426,385,382,377,394,412,419,410,401,415,406,436,432,402,425,439,442,435,428,398,385,437,410,427,393,414,406,425,418,427,411,400,404,413,420,426,421,418,399,438,421,393,399,398,415,428,401,405,418,433,418,440,413,425,424,415,414,432,411,415,416,423,422,432,411,424,415,417,422,401,408,412,434,437,356,398,399,434,427,417,428,426,431,395,402,435,443,424,423,430,420,419,430,437,435,438,438,437,418,417,435,438,451,450,459,470,422,435,419,420,409,424,440,435,399,418,435,405,417,412,410,411,400,435,408,410,417,396,424,438,421,436,440,431,416,411,422,433,416,401,446,449,419,413,420,420,438,420,399,427,449,429,397,400,412,407,408,407,410,413,410,409,418,426,429,428,427,427,426,427,420,424,427,423,424,443,432,435,438,450,437,436,439,425,424
